=== CFR STRATEGY SNAPSHOT ===

==================================================

Iterations: 100000
J: [0.77534349 0.22465651]
Jb: [9.99999957e-01 4.26000461e-08]
Jp: [0.67063737 0.32936263]
Jpb: [9.99999992e-01 7.85180316e-09]
K: [0.31803763 0.68196237]
Kb: [1.21633411e-08 9.99999988e-01]
Kp: [1.21633411e-08 9.99999988e-01]
Kpb: [8.44938335e-08 9.99999916e-01]
Q: [0.98957188 0.01042812]
Qb: [0.65162824 0.34837176]
Qp: [9.99999711e-01 2.88520874e-07]
Qpb: [0.43610391 0.56389609]
Average game value: -0.0514

